1
2

0

45
3
23
44
46

4
2
24

5
3

6
4
25
47

5
7
48
49

6
8
50
51

7
9
52
53
54

8
10
28
30
55
56

9
11
33
63

10
12
57

11
13
34
58

14
12
35

13
15
36
37
14

14
16

15
17
38

16
18
60

17
19
41

18
67
20
61

19
21
42
43

20
22
66

21
23
65

44
22
2

1

68
68
26
68

6

69
7

29
9

72
73
9

9

77
76
76

63

79
9

12
35

13
34
80

85
86

14

39
40
16

38

38

18

20
83

87
88
89
90
91
20

24
25
26
27
28
29
30
31
32
33
34
35
36
37
38
39
40
41
42
43
44
23

1

2

5

62
6

6

7

7

8

8

8

9

9

11

12

14

17

19

1

31
32
10

2
64

22
65

21
66

19
67

1

70
7

71
7

1

9
75

74

1

9

1

63

1

9

1

20

83
84
20

83
84
20

1

14

1

1

43

1

1

1
